9.8683615370521e-17
1.17995618993228e-16
1.36395188251094e-16
1.5374004329142e-16
1.69896060136326e-16
1.84738307834188e-16
1.98152014523418e-16
2.10033454938218e-16
2.20290752493415e-16
2.28844589746044e-16
2.35628821739816e-16
2.40590987489628e-16
2.43692715650911e-16
2.44910021236857e-16
2.44233491089091e-16
2.4166835666757e-16
2.37234453596841e-16
2.30966068281489e-16
2.22911672776855e-16
2.13133549965212e-16
2.01707311935832e-16
1.88721315293204e-16
1.74275977914699e-16
1.58483002441047e-16
1.41464512504193e-16
1.23352108371915e-16
1.04285849311679e-16
8.4413170542892e-17
6.38877431525394e-17
4.28682857902102e-17
2.15173373314266e-17
1.49975978266186e-32
0.0351156096624357
0.0419875992877481
0.048534907973088
0.0547069068095796
0.0604558690774834
0.0657373393065017
0.0705104770402264
0.0747383726464734
0.0783883327314113
0.0814321329504399
0.0838462362608854
0.0856119749288139
0.086715694882543
0.0871488612965974
0.0869081245896517
0.0859953463261111
0.0844175848210404
0.0821870405597547
0.0793209618541291
0.0758415114651684
0.0717755952232138
0.0671546539710305
0.0620144204386332
0.056394642929885
0.0503387779575406
0.0438936542035184
0.0371091104029256
0.0300376099519991
0.0227338352201139
0.0152542647029574
0.00765673628665055
5.33675006916148e-18
0.0699639683319559
0.0836556475921113
0.0967004359903226
0.108997461025405
0.120451632487036
0.130974377767591
0.140484326774787
0.148907941148845
0.156180082918568
0.162244518199061
0.167054352036085
0.170572391034497
0.172771430966663
0.173634467136807
0.173154825874617
0.171336216141272
0.168192700848862
0.163748588114959
0.158038243293243
0.151105823233731
0.14300493482749
0.133798220476254
0.123556873692398
0.112360088575058
0.10029444741944
0.0874532511948353
0.0739357980685918
0.0598466155550591
0.045294652227138
0.0303924352407486
0.015255200186896
1.06328842478789e-17
0.10427985895707
0.124687025905637
0.14413001530035
0.16245847874836
0.179530686242677
0.195214622129376
0.209389005955835
0.221944230305998
0.2327832083706
0.241822124698268
0.248991083322112
0.254234648249979
0.257512272138882
0.258798609838747
0.258083714380932
0.255373113895959
0.250687768865693
0.244063910040505
0.235552758274793
0.225220128447293
0.213145920528988
0.199423501734076
0.184158984531683
0.167470406101297
0.149486815577033
0.130347276138842
0.1101997896673
0.0892001522773699
0.0675107495810543
0.0452993009949032
0.0227375628023773
1.58480957571588e-17
0.137802116889621
0.164769460663936
0.19046267816586
0.214683089352929
0.237243403072419
0.257969165342945
0.276700108369021
0.293291389856934
0.307614713048589
0.31955931881233
0.329032842119132
0.335962026281203
0.340293289429964
0.341993138852941
0.341048429985601
0.337466468055397
0.331274951592043
0.322521758240826
0.311274574535229
0.297620372491739
0.281664737074235
0.263531049728501
0.243359534300446
0.22130617271571
0.197541498805478
0.172249279605595
0.145625094326188
0.117874821980326
0.0892130493665539
0.059861411716021
0.0300468788356168
2.09426936883849e-17
0.170275617505449
0.203597900336062
0.235345805046018
0.265273832018329
0.293150554353298
0.318760407442215
0.341905355881426
0.362406424836876
0.380105084017436
0.39486447355504
0.406570462312164
0.415132530433009
0.420484469313778
0.422584893579362
0.421417561107408
0.41699149862511
0.409340931907494
0.398525021116973
0.384627403330725
0.367755545793431
0.348039914896529
0.325632967310094
0.30070797106868
0.273457665727436
0.244092771949196
0.212840362047591
0.179942104086418
0.145652393113248
0.110236383978062
0.0739679409486714
0.0371275199781158
2.58779050750983e-17
0.201453217856831
0.240876837050857
0.278437808244094
0.31384568064535
0.346826652906402
0.377125690368052
0.404508497187474
0.428763328096826
0.449702625783186
0.467164471228306
0.481013835793043
0.491143625364344
0.49747550849065
0.499960522101908
0.498579450130307
0.493342972103934
0.484291580564316
0.471495267946433
0.455052985342498
0.435091877334763
0.411766298814214
0.385256621387895
0.355767838604643
0.323527980784723
0.288786351711134
0.251811600817881
0.212889645782536
0.172321461587259
0.130420753144949
0.0875115294876384
0.0439255982753718
3.06161699786838e-17
0.231097637579544
0.276322555590285
0.319410731596087
0.360028974137457
0.397863191211231
0.43262081907547
0.464033084581017
0.491857083535584
0.515877659028855
0.535909065193905
0.551796403539442
0.563416820746028
0.570680458663983
0.573531149166842
0.571946848487211
0.565939807676416
0.555556477869792
0.540877151090193
0.52201533936731
0.49911689697392
0.472358892566634
0.441948239952626
0.40812009807033
0.371136052556702
0.331282092962584
0.288866401257944
0.244216968727968
0.197679059688047
0.149612541630198
0.100389102446298
0.0503893762467508
3.51214273421827e-17
0.258983264739708
0.309665292633549
0.35795274641516
0.403472229744939
0.445871750394579
0.484823442126132
0.520026100010061
0.551207509577208
0.578126551793868
0.600575067582638
0.618379467471127
0.631402073921456
0.639542185960601
0.642736857879039
0.640961385976178
0.634229499588682
0.622593254924505
0.606142632523603
0.585004841458056
0.559343335652082
0.529356549928524
0.495276365555674
0.45736631716005
0.415919554870649
0.371256577452992
0.323722753962133
0.273685653079141
0.22153220078273
0.16766568833512
0.112502653718744
0.0564696606389548
3.93593894367099e-17
0.284897872876832
0.340651289818856
0.393770524696237
0.443844818060869
0.4904869563327
0.533336266037815
0.572061402817684
0.606362913642756
0.635975552417373
0.660670331069926
0.680256290267626
0.694581976063346
0.703536611055929
0.707050951007652
0.7050978202948
0.697692322050835
0.684891721377157
0.666795002524581
0.643542103469726
0.615312833805193
0.582325484311234
0.544835138960797
0.503131702410848
0.457537658232936
0.408405575218132
0.356115381039527
0.301071424354467
0.243699348064656
0.1844427979125
0.123759991865431
0.062120176816383
4.32978028117747e-17
0.308644236175324
0.369044724997769
0.426591471519231
0.480839479310528
0.531369260369008
0.577790078927708
0.619742972929746
0.656903529803545
0.688984395074445
0.715737494414119
0.73695595194521
0.75247568996733
0.762176697734101
0.765983959470059
0.763868034451274
0.755845284664039
0.741977748281202
0.722372659934516
0.697181621492645
0.666599429756998
0.630862570140594
0.590247387977978
0.545067951607072
0.49567362374728
0.442446359953834
0.385797755038864
0.326165860298559
0.26401179615812
0.19981618642816
0.134075441745696
0.0672979209390502
4.69066937635136e-17
0.330041630472037
0.394629506984152
0.456165799660992
0.514174661783817
0.568207523484376
0.617846560437774
0.662707924806774
0.702444713453333
0.736749650464847
0.765357463251705
0.788046933842321
0.804642609513418
0.815016159527643
0.819087367487139
0.816824751629445
0.808245808269089
0.793416876502412
0.772452625221812
0.745515166406231
0.712812801544613
0.67459841088595
0.631167497971528
0.582855904570538
0.53003721368899
0.47311986073387
0.412543975171301
0.348777977101448
0.28231495506814
0.213668853112789
0.143370496557311
0.0719634872477756
5.01585964526762e-17
0.348927208676273
0.417210920138574
0.482268430626891
0.543596664613782
0.600721384252945
0.653200856556954
0.700629269222036
0.742639868686027
0.778907796153611
0.809152599658475
0.833140402737143
0.850685712944618
0.861652856226968
0.865957026059167
0.863564939235445
0.854495093241049
0.838817623215231
0.816653759611522
0.788174890749102
0.753601237504335
0.713200150390807
0.66728404219616
0.616207972162205
0.560366900389306
0.500192633696139
0.436150486551822
0.368735682900694
0.298469526703661
0.22589537080845
0.151574415320652
0.0760813679658037
5.30287619362453e-17
0.365157240134473
0.4366171062719
0.504700707634079
0.568881568593397
0.628663392561859
0.683583899744275
0.733218401847
0.777183086099807
0.815137983196259
0.846789596202145
0.871893170103206
0.890254584442232
0.901731854410186
0.906236228783737
0.903732876219096
0.8942411545952
0.877834461323453
0.854639665781567
0.824836128260361
0.788654313009781
0.746374006109164
0.698322151942559
0.644870325009172
0.586431856618875
0.523458638691411
0.456437629374819
0.385887087504374
0.312352565020139
0.236402688332903
0.158624761260268
0.0796202235344261
5.54953465218377e-17
0.37860820450728
0.45270037258988
0.523291907509554
0.589836940335933
0.651820892856044
0.708764456695299
0.760227299704533
0.80581147095239
0.845164477993012
0.87798201261318
0.904010303981294
0.923048081001826
0.934948128700763
0.939618426606866
0.937022860325891
0.92718150080531
0.910170449130064
0.886121248049474
0.855219864785887
0.817705252990729
0.773867504968084
0.724045608454231
0.66862482529947
0.608033712322338
0.542740807373273
0.473251006233699
0.400101658367151
0.323858411713179
0.245110838655298
0.164467876986444
0.0825531211259462
5.75395780113925e-17
0.389177731833902
0.465338315724493
0.537900539996587
0.606303296809229
0.670017642575377
0.728550888167191
0.781450408773519
0.828307143948755
0.868758760787974
0.902492455768194
0.929247373589738
0.948816624313325
0.961048883194811
0.965849560846399
0.963181534675732
0.953065435946794
0.935579490242851
0.910858912565086
0.879094861744519
0.840532962252486
0.795471404840222
0.744258640694874
0.687290686942531
0.625008064334233
0.557892390795165
0.486462657178369
0.411271214021767
0.332899500342026
0.251953547493554
0.169059292860334
0.0848577396187603
5.91458985689335e-17
0.396785381629329
0.474434753297485
0.54841542458102
0.618155319097868
0.683115153466998
0.742792607469077
0.796726208379082
0.844498899434143
0.885741264842457
0.920134386394969
0.94741230959026
0.967364100202659
0.979835475390565
0.984729996731981
0.98200981596178
0.97169596764408
0.953868206516549
0.92866439076443
0.896279415993285
0.856963708143822
0.811021287002759
0.758807415284176
0.700725851460496
0.637225727586359
0.56879807625847
0.495972033567728
0.419310747405329
0.339407022763056
0.256878737701674
0.172364065434765
0.0865165394745716
6.03020831250949e-17
0.401373255084993
0.479920455926347
0.554756536642105
0.625302806155786
0.691013745564528
0.751381226517685
0.805938440462442
0.854263508372459
0.895982743046291
0.930773538748944
0.958366865851606
0.978549351179037
0.991164927977761
0.996116042746204
0.993364409594619
0.982931306301526
0.964897409777285
0.939402172207166
0.906642742698034
0.86687244276735
0.820398807463163
0.76758120726272
0.70882806913901
0.644593718284137
0.57537486491178
0.501706763305536
0.424159072814385
0.343331452801295
0.259848925608261
0.17435704339497
0.0875168962248666
6.0999332417281e-17
0.402906435713662
0.481753674101714
0.556875616488188
0.6276913612907
0.693653305812805
0.754251380736103
0.809016994374947
0.857526656193652
0.899405251566371
0.934328942456612
0.962027671586086
0.982287250728688
0.9949510169813
0.999921044203816
0.997158900260614
0.986685944207868
0.968583161128631
0.942990535892865
0.910105970684996
0.870183754669526
0.823532597628428
0.77051324277579
0.711535677209286
0.647055961569445
0.577572703422268
0.503623201635761
0.425779291565073
0.344642923174517
0.260841506289897
0.175023058975277
0.0878511965507435
6.12323399573677e-17
0.401373255084993
0.479920455926347
0.554756536642105
0.625302806155786
0.691013745564528
0.751381226517685
0.805938440462442
0.854263508372459
0.895982743046291
0.930773538748944
0.958366865851606
0.978549351179037
0.991164927977761
0.996116042746204
0.993364409594619
0.982931306301526
0.964897409777285
0.939402172207166
0.906642742698034
0.86687244276735
0.820398807463163
0.76758120726272
0.70882806913901
0.644593718284137
0.57537486491178
0.501706763305536
0.424159072814385
0.343331452801295
0.259848925608261
0.17435704339497
0.0875168962248666
6.0999332417281e-17
0.396785381629329
0.474434753297485
0.54841542458102
0.618155319097868
0.683115153466998
0.742792607469077
0.796726208379082
0.844498899434143
0.885741264842457
0.920134386394969
0.94741230959026
0.967364100202659
0.979835475390565
0.984729996731981
0.98200981596178
0.97169596764408
0.953868206516549
0.92866439076443
0.896279415993285
0.856963708143822
0.811021287002759
0.758807415284176
0.700725851460496
0.637225727586359
0.56879807625847
0.495972033567728
0.419310747405329
0.339407022763056
0.256878737701674
0.172364065434765
0.0865165394745716
6.03020831250949e-17
0.389177731833902
0.465338315724493
0.537900539996587
0.60630329680923
0.670017642575377
0.728550888167191
0.78145040877352
0.828307143948755
0.868758760787974
0.902492455768194
0.929247373589738
0.948816624313326
0.961048883194811
0.965849560846399
0.963181534675732
0.953065435946795
0.935579490242851
0.910858912565087
0.879094861744519
0.840532962252486
0.795471404840222
0.744258640694874
0.687290686942531
0.625008064334234
0.557892390795165
0.486462657178369
0.411271214021767
0.332899500342026
0.251953547493554
0.169059292860334
0.0848577396187603
5.91458985689335e-17
0.37860820450728
0.45270037258988
0.523291907509553
0.589836940335932
0.651820892856043
0.708764456695299
0.760227299704533
0.805811470952389
0.845164477993012
0.87798201261318
0.904010303981294
0.923048081001826
0.934948128700762
0.939618426606866
0.93702286032589
0.92718150080531
0.910170449130063
0.886121248049474
0.855219864785887
0.817705252990729
0.773867504968084
0.724045608454231
0.66862482529947
0.608033712322337
0.542740807373273
0.473251006233699
0.400101658367151
0.323858411713179
0.245110838655298
0.164467876986444
0.0825531211259461
5.75395780113925e-17
0.365157240134473
0.4366171062719
0.504700707634079
0.568881568593397
0.628663392561859
0.683583899744275
0.733218401847
0.777183086099807
0.815137983196259
0.846789596202145
0.871893170103206
0.890254584442232
0.901731854410186
0.906236228783737
0.903732876219096
0.8942411545952
0.877834461323453
0.854639665781567
0.824836128260361
0.788654313009781
0.746374006109164
0.698322151942559
0.644870325009172
0.586431856618875
0.523458638691411
0.456437629374819
0.385887087504374
0.312352565020139
0.236402688332903
0.158624761260268
0.0796202235344261
5.54953465218377e-17
0.348927208676273
0.417210920138574
0.482268430626891
0.543596664613783
0.600721384252945
0.653200856556954
0.700629269222037
0.742639868686027
0.778907796153611
0.809152599658475
0.833140402737143
0.850685712944619
0.861652856226968
0.865957026059167
0.863564939235445
0.854495093241049
0.838817623215231
0.816653759611522
0.788174890749102
0.753601237504335
0.713200150390807
0.667284042196161
0.616207972162205
0.560366900389306
0.50019263369614
0.436150486551822
0.368735682900694
0.298469526703661
0.22589537080845
0.151574415320652
0.0760813679658038
5.30287619362453e-17
0.330041630472037
0.394629506984152
0.456165799660992
0.514174661783817
0.568207523484376
0.617846560437774
0.662707924806774
0.702444713453333
0.736749650464847
0.765357463251705
0.788046933842321
0.804642609513418
0.815016159527643
0.819087367487139
0.816824751629445
0.808245808269089
0.793416876502412
0.772452625221812
0.745515166406231
0.712812801544613
0.67459841088595
0.631167497971528
0.582855904570538
0.53003721368899
0.47311986073387
0.412543975171301
0.348777977101448
0.28231495506814
0.213668853112789
0.143370496557311
0.0719634872477756
5.01585964526762e-17
0.308644236175324
0.369044724997769
0.426591471519231
0.480839479310528
0.531369260369008
0.577790078927709
0.619742972929746
0.656903529803545
0.688984395074445
0.715737494414119
0.73695595194521
0.75247568996733
0.762176697734101
0.765983959470059
0.763868034451274
0.755845284664039
0.741977748281202
0.722372659934516
0.697181621492645
0.666599429756998
0.630862570140594
0.590247387977978
0.545067951607072
0.49567362374728
0.442446359953834
0.385797755038864
0.326165860298559
0.26401179615812
0.19981618642816
0.134075441745696
0.0672979209390502
4.69066937635137e-17
0.284897872876832
0.340651289818856
0.393770524696237
0.443844818060869
0.4904869563327
0.533336266037815
0.572061402817684
0.606362913642757
0.635975552417373
0.660670331069926
0.680256290267626
0.694581976063346
0.703536611055929
0.707050951007652
0.7050978202948
0.697692322050835
0.684891721377158
0.666795002524581
0.643542103469726
0.615312833805193
0.582325484311234
0.544835138960798
0.503131702410848
0.457537658232936
0.408405575218132
0.356115381039527
0.301071424354467
0.243699348064656
0.1844427979125
0.123759991865431
0.062120176816383
4.32978028117747e-17
0.258983264739708
0.309665292633549
0.35795274641516
0.403472229744939
0.445871750394579
0.484823442126132
0.520026100010061
0.551207509577209
0.578126551793868
0.600575067582638
0.618379467471127
0.631402073921456
0.639542185960601
0.64273685787904
0.640961385976178
0.634229499588682
0.622593254924505
0.606142632523603
0.585004841458056
0.559343335652083
0.529356549928524
0.495276365555674
0.45736631716005
0.415919554870649
0.371256577452992
0.323722753962133
0.273685653079141
0.22153220078273
0.16766568833512
0.112502653718744
0.0564696606389548
3.93593894367099e-17
0.231097637579544
0.276322555590285
0.319410731596086
0.360028974137457
0.397863191211231
0.43262081907547
0.464033084581016
0.491857083535583
0.515877659028855
0.535909065193905
0.551796403539441
0.563416820746028
0.570680458663983
0.573531149166842
0.571946848487211
0.565939807676416
0.555556477869791
0.540877151090192
0.522015339367309
0.499116896973919
0.472358892566633
0.441948239952626
0.40812009807033
0.371136052556701
0.331282092962584
0.288866401257944
0.244216968727967
0.197679059688047
0.149612541630198
0.100389102446298
0.0503893762467508
3.51214273421827e-17
0.201453217856831
0.240876837050857
0.278437808244094
0.31384568064535
0.346826652906403
0.377125690368052
0.404508497187474
0.428763328096826
0.449702625783186
0.467164471228306
0.481013835793043
0.491143625364345
0.49747550849065
0.499960522101908
0.498579450130307
0.493342972103934
0.484291580564316
0.471495267946433
0.455052985342498
0.435091877334763
0.411766298814214
0.385256621387895
0.355767838604643
0.323527980784723
0.288786351711134
0.251811600817881
0.212889645782537
0.172321461587259
0.130420753144949
0.0875115294876384
0.0439255982753718
3.06161699786838e-17
0.170275617505449
0.203597900336062
0.235345805046018
0.265273832018329
0.293150554353297
0.318760407442215
0.341905355881425
0.362406424836876
0.380105084017436
0.394864473555039
0.406570462312164
0.415132530433009
0.420484469313778
0.422584893579362
0.421417561107408
0.41699149862511
0.409340931907494
0.398525021116973
0.384627403330725
0.36775554579343
0.348039914896529
0.325632967310094
0.30070797106868
0.273457665727436
0.244092771949195
0.212840362047591
0.179942104086418
0.145652393113248
0.110236383978062
0.0739679409486714
0.0371275199781158
2.58779050750983e-17
0.137802116889621
0.164769460663936
0.19046267816586
0.214683089352929
0.237243403072419
0.257969165342946
0.276700108369021
0.293291389856934
0.307614713048589
0.319559318812331
0.329032842119133
0.335962026281203
0.340293289429964
0.341993138852942
0.341048429985602
0.337466468055398
0.331274951592044
0.322521758240827
0.311274574535229
0.29762037249174
0.281664737074235
0.263531049728502
0.243359534300447
0.22130617271571
0.197541498805478
0.172249279605595
0.145625094326188
0.117874821980326
0.0892130493665541
0.0598614117160211
0.0300468788356168
2.0942693688385e-17
0.10427985895707
0.124687025905637
0.14413001530035
0.16245847874836
0.179530686242677
0.195214622129376
0.209389005955835
0.221944230305998
0.2327832083706
0.241822124698268
0.248991083322112
0.254234648249979
0.257512272138882
0.258798609838747
0.258083714380932
0.255373113895959
0.250687768865693
0.244063910040505
0.235552758274793
0.225220128447293
0.213145920528988
0.199423501734077
0.184158984531683
0.167470406101297
0.149486815577033
0.130347276138842
0.1101997896673
0.08920015227737
0.0675107495810544
0.0452993009949033
0.0227375628023773
1.58480957571588e-17
0.0699639683319558
0.0836556475921111
0.0967004359903224
0.108997461025405
0.120451632487036
0.130974377767591
0.140484326774787
0.148907941148844
0.156180082918568
0.162244518199061
0.167054352036084
0.170572391034496
0.172771430966662
0.173634467136807
0.173154825874616
0.171336216141271
0.168192700848862
0.163748588114958
0.158038243293243
0.151105823233731
0.14300493482749
0.133798220476253
0.123556873692398
0.112360088575058
0.100294447419439
0.0874532511948352
0.0739357980685917
0.0598466155550589
0.0452946522271379
0.0303924352407485
0.015255200186896
1.06328842478789e-17
0.0351156096624358
0.0419875992877482
0.0485349079730881
0.0547069068095796
0.0604558690774835
0.0657373393065018
0.0705104770402265
0.0747383726464735
0.0783883327314114
0.08143213295044
0.0838462362608855
0.085611974928814
0.0867156948825431
0.0871488612965976
0.0869081245896518
0.0859953463261112
0.0844175848210406
0.0821870405597549
0.0793209618541292
0.0758415114651685
0.0717755952232139
0.0671546539710306
0.0620144204386333
0.0563946429298851
0.0503387779575407
0.0438936542035184
0.0371091104029256
0.0300376099519992
0.022733835220114
0.0152542647029574
0.00765673628665056
5.33675006916149e-18
4.93418076852605e-17
5.89978094966142e-17
6.81975941255468e-17
7.68700216457101e-17
8.49480300681631e-17
9.23691539170941e-17
9.90760072617091e-17
1.05016727469109e-16
1.10145376246708e-16
1.14422294873022e-16
1.17814410869908e-16
1.20295493744814e-16
1.21846357825455e-16
1.22455010618428e-16
1.22116745544546e-16
1.20834178333785e-16
1.1861722679842e-16
1.15483034140744e-16
1.11455836388428e-16
1.06566774982606e-16
1.00853655967916e-16
9.43606576466018e-17
8.71379889573496e-17
7.92415012205233e-17
7.07322562520964e-17
6.16760541859577e-17
5.21429246558394e-17
4.2206585271446e-17
3.19438715762697e-17
2.14341428951051e-17
1.07586686657133e-17
7.49879891330929e-33
0.0351156096624359
0.0419875992877483
0.0485349079730882
0.0547069068095798
0.0604558690774836
0.065737339306502
0.0705104770402267
0.0747383726464736
0.0783883327314116
0.0814321329504402
0.0838462362608857
0.0856119749288142
0.0867156948825433
0.0871488612965978
0.086908124589652
0.0859953463261114
0.0844175848210407
0.082187040559755
0.0793209618541294
0.0758415114651687
0.0717755952232141
0.0671546539710308
0.0620144204386334
0.0563946429298853
0.0503387779575408
0.0438936542035185
0.0371091104029257
0.0300376099519992
0.022733835220114
0.0152542647029575
0.00765673628665058
5.3367500691615e-18
0.0699639683319555
0.0836556475921108
0.096700435990322
0.108997461025405
0.120451632487035
0.13097437776759
0.140484326774787
0.148907941148844
0.156180082918567
0.162244518199061
0.167054352036084
0.170572391034496
0.172771430966662
0.173634467136806
0.173154825874616
0.171336216141271
0.168192700848861
0.163748588114958
0.158038243293242
0.15110582323373
0.14300493482749
0.133798220476253
0.123556873692397
0.112360088575057
0.100294447419439
0.0874532511948348
0.0739357980685914
0.0598466155550587
0.0452946522271378
0.0303924352407484
0.0152552001868959
1.06328842478788e-17
0.10427985895707
0.124687025905637
0.14413001530035
0.16245847874836
0.179530686242677
0.195214622129376
0.209389005955835
0.221944230305999
0.232783208370601
0.241822124698268
0.248991083322112
0.25423464824998
0.257512272138882
0.258798609838747
0.258083714380932
0.25537311389596
0.250687768865693
0.244063910040506
0.235552758274793
0.225220128447293
0.213145920528988
0.199423501734077
0.184158984531683
0.167470406101297
0.149486815577033
0.130347276138842
0.1101997896673
0.08920015227737
0.0675107495810544
0.0452993009949033
0.0227375628023773
1.58480957571588e-17
0.137802116889621
0.164769460663936
0.19046267816586
0.214683089352929
0.237243403072419
0.257969165342946
0.276700108369021
0.293291389856934
0.307614713048589
0.319559318812331
0.329032842119132
0.335962026281203
0.340293289429964
0.341993138852941
0.341048429985601
0.337466468055398
0.331274951592044
0.322521758240827
0.311274574535229
0.29762037249174
0.281664737074235
0.263531049728501
0.243359534300447
0.22130617271571
0.197541498805478
0.172249279605595
0.145625094326188
0.117874821980326
0.089213049366554
0.0598614117160211
0.0300468788356168
2.0942693688385e-17
0.170275617505449
0.203597900336062
0.235345805046018
0.265273832018329
0.293150554353297
0.318760407442214
0.341905355881425
0.362406424836875
0.380105084017436
0.394864473555039
0.406570462312164
0.415132530433009
0.420484469313778
0.422584893579362
0.421417561107408
0.41699149862511
0.409340931907494
0.398525021116973
0.384627403330725
0.36775554579343
0.348039914896529
0.325632967310094
0.30070797106868
0.273457665727435
0.244092771949195
0.212840362047591
0.179942104086417
0.145652393113248
0.110236383978062
0.0739679409486713
0.0371275199781158
2.58779050750983e-17
0.201453217856831
0.240876837050857
0.278437808244094
0.31384568064535
0.346826652906402
0.377125690368051
0.404508497187473
0.428763328096826
0.449702625783185
0.467164471228306
0.481013835793043
0.491143625364344
0.49747550849065
0.499960522101908
0.498579450130307
0.493342972103934
0.484291580564315
0.471495267946432
0.455052985342498
0.435091877334763
0.411766298814214
0.385256621387895
0.355767838604643
0.323527980784722
0.288786351711134
0.251811600817881
0.212889645782536
0.172321461587259
0.130420753144949
0.0875115294876383
0.0439255982753717
3.06161699786838e-17
0.231097637579544
0.276322555590285
0.319410731596087
0.360028974137457
0.397863191211231
0.43262081907547
0.464033084581017
0.491857083535584
0.515877659028855
0.535909065193905
0.551796403539442
0.563416820746028
0.570680458663983
0.573531149166842
0.571946848487211
0.565939807676416
0.555556477869791
0.540877151090193
0.52201533936731
0.49911689697392
0.472358892566634
0.441948239952626
0.40812009807033
0.371136052556702
0.331282092962584
0.288866401257944
0.244216968727968
0.197679059688047
0.149612541630198
0.100389102446298
0.0503893762467508
3.51214273421827e-17
0.258983264739708
0.309665292633549
0.35795274641516
0.403472229744939
0.445871750394579
0.484823442126132
0.520026100010061
0.551207509577208
0.578126551793868
0.600575067582638
0.618379467471127
0.631402073921456
0.639542185960601
0.642736857879039
0.640961385976178
0.634229499588682
0.622593254924505
0.606142632523603
0.585004841458056
0.559343335652082
0.529356549928524
0.495276365555674
0.45736631716005
0.415919554870649
0.371256577452992
0.323722753962133
0.273685653079141
0.22153220078273
0.16766568833512
0.112502653718744
0.0564696606389548
3.93593894367099e-17
0.284897872876832
0.340651289818856
0.393770524696237
0.443844818060869
0.4904869563327
0.533336266037815
0.572061402817684
0.606362913642756
0.635975552417373
0.660670331069926
0.680256290267626
0.694581976063346
0.703536611055929
0.707050951007652
0.7050978202948
0.697692322050835
0.684891721377157
0.666795002524581
0.643542103469726
0.615312833805193
0.582325484311234
0.544835138960797
0.503131702410848
0.457537658232936
0.408405575218132
0.356115381039527
0.301071424354467
0.243699348064656
0.1844427979125
0.123759991865431
0.062120176816383
4.32978028117747e-17
0.308644236175324
0.369044724997769
0.426591471519231
0.480839479310528
0.531369260369008
0.577790078927708
0.619742972929746
0.656903529803545
0.688984395074445
0.715737494414119
0.73695595194521
0.75247568996733
0.762176697734101
0.765983959470059
0.763868034451274
0.755845284664039
0.741977748281202
0.722372659934516
0.697181621492645
0.666599429756998
0.630862570140594
0.590247387977978
0.545067951607072
0.49567362374728
0.442446359953834
0.385797755038864
0.326165860298559
0.26401179615812
0.19981618642816
0.134075441745696
0.0672979209390502
4.69066937635136e-17
0.330041630472037
0.394629506984152
0.456165799660992
0.514174661783817
0.568207523484376
0.617846560437774
0.662707924806774
0.702444713453334
0.736749650464848
0.765357463251706
0.788046933842321
0.804642609513419
0.815016159527644
0.81908736748714
0.816824751629445
0.80824580826909
0.793416876502413
0.772452625221812
0.745515166406232
0.712812801544613
0.674598410885951
0.631167497971529
0.582855904570539
0.53003721368899
0.473119860733871
0.412543975171301
0.348777977101448
0.28231495506814
0.213668853112789
0.143370496557311
0.0719634872477756
5.01585964526763e-17
0.348927208676273
0.417210920138574
0.482268430626891
0.543596664613783
0.600721384252945
0.653200856556954
0.700629269222037
0.742639868686027
0.778907796153611
0.809152599658475
0.833140402737143
0.850685712944619
0.861652856226968
0.865957026059168
0.863564939235445
0.854495093241049
0.838817623215231
0.816653759611522
0.788174890749102
0.753601237504335
0.713200150390807
0.667284042196161
0.616207972162206
0.560366900389307
0.50019263369614
0.436150486551822
0.368735682900694
0.298469526703661
0.22589537080845
0.151574415320652
0.0760813679658038
5.30287619362454e-17
0.365157240134473
0.4366171062719
0.50470070763408
0.568881568593397
0.62866339256186
0.683583899744276
0.733218401847
0.777183086099807
0.815137983196259
0.846789596202145
0.871893170103206
0.890254584442233
0.901731854410186
0.906236228783737
0.903732876219097
0.894241154595201
0.877834461323453
0.854639665781567
0.824836128260361
0.788654313009781
0.746374006109164
0.698322151942559
0.644870325009172
0.586431856618875
0.523458638691411
0.45643762937482
0.385887087504374
0.312352565020139
0.236402688332903
0.158624761260268
0.0796202235344262
5.54953465218377e-17
0.37860820450728
0.45270037258988
0.523291907509554
0.589836940335932
0.651820892856044
0.708764456695299
0.760227299704533
0.805811470952389
0.845164477993012
0.87798201261318
0.904010303981294
0.923048081001826
0.934948128700763
0.939618426606866
0.937022860325891
0.92718150080531
0.910170449130063
0.886121248049474
0.855219864785887
0.817705252990729
0.773867504968084
0.724045608454231
0.66862482529947
0.608033712322337
0.542740807373273
0.473251006233699
0.400101658367151
0.323858411713179
0.245110838655298
0.164467876986444
0.0825531211259461
5.75395780113925e-17
0.389177731833902
0.465338315724493
0.537900539996587
0.60630329680923
0.670017642575377
0.728550888167191
0.781450408773519
0.828307143948755
0.868758760787974
0.902492455768194
0.929247373589738
0.948816624313326
0.961048883194811
0.965849560846399
0.963181534675732
0.953065435946795
0.935579490242851
0.910858912565087
0.879094861744519
0.840532962252486
0.795471404840222
0.744258640694874
0.687290686942531
0.625008064334234
0.557892390795165
0.486462657178369
0.411271214021767
0.332899500342026
0.251953547493554
0.169059292860334
0.0848577396187603
5.91458985689335e-17
0.396785381629329
0.474434753297485
0.54841542458102
0.618155319097868
0.683115153466998
0.742792607469077
0.796726208379082
0.844498899434143
0.885741264842457
0.920134386394968
0.947412309590259
0.967364100202659
0.979835475390565
0.984729996731981
0.98200981596178
0.97169596764408
0.953868206516549
0.92866439076443
0.896279415993285
0.856963708143822
0.811021287002759
0.758807415284176
0.700725851460496
0.637225727586358
0.56879807625847
0.495972033567728
0.419310747405329
0.339407022763056
0.256878737701674
0.172364065434765
0.0865165394745716
6.03020831250949e-17
0.401373255084993
0.479920455926347
0.554756536642105
0.625302806155786
0.691013745564528
0.751381226517685
0.805938440462442
0.854263508372459
0.895982743046291
0.930773538748944
0.958366865851606
0.978549351179037
0.991164927977761
0.996116042746204
0.993364409594619
0.982931306301526
0.964897409777285
0.939402172207166
0.906642742698034
0.86687244276735
0.820398807463163
0.76758120726272
0.70882806913901
0.644593718284137
0.57537486491178
0.501706763305536
0.424159072814385
0.343331452801295
0.259848925608261
0.17435704339497
0.0875168962248666
6.0999332417281e-17
0.402906435713662
0.481753674101714
0.556875616488188
0.6276913612907
0.693653305812805
0.754251380736103
0.809016994374947
0.857526656193652
0.899405251566371
0.934328942456612
0.962027671586086
0.982287250728688
0.9949510169813
0.999921044203816
0.997158900260614
0.986685944207868
0.968583161128631
0.942990535892865
0.910105970684996
0.870183754669526
0.823532597628428
0.77051324277579
0.711535677209286
0.647055961569445
0.577572703422268
0.503623201635761
0.425779291565073
0.344642923174517
0.260841506289897
0.175023058975277
0.0878511965507435
6.12323399573677e-17
0.401373255084993
0.479920455926347
0.554756536642105
0.625302806155786
0.691013745564528
0.751381226517685
0.805938440462442
0.854263508372459
0.895982743046291
0.930773538748944
0.958366865851606
0.978549351179037
0.991164927977761
0.996116042746204
0.993364409594619
0.982931306301526
0.964897409777285
0.939402172207166
0.906642742698034
0.86687244276735
0.820398807463163
0.76758120726272
0.70882806913901
0.644593718284137
0.57537486491178
0.501706763305536
0.424159072814385
0.343331452801295
0.259848925608261
0.17435704339497
0.0875168962248666
6.0999332417281e-17
0.396785381629329
0.474434753297485
0.54841542458102
0.618155319097868
0.683115153466998
0.742792607469077
0.796726208379082
0.844498899434143
0.885741264842457
0.920134386394969
0.94741230959026
0.967364100202659
0.979835475390565
0.984729996731981
0.98200981596178
0.97169596764408
0.953868206516549
0.92866439076443
0.896279415993285
0.856963708143822
0.811021287002759
0.758807415284176
0.700725851460496
0.637225727586359
0.56879807625847
0.495972033567728
0.419310747405329
0.339407022763056
0.256878737701674
0.172364065434765
0.0865165394745716
6.03020831250949e-17
0.389177731833902
0.465338315724493
0.537900539996587
0.60630329680923
0.670017642575377
0.728550888167191
0.78145040877352
0.828307143948755
0.868758760787974
0.902492455768194
0.929247373589738
0.948816624313326
0.961048883194811
0.965849560846399
0.963181534675732
0.953065435946795
0.935579490242851
0.910858912565087
0.879094861744519
0.840532962252486
0.795471404840222
0.744258640694874
0.687290686942531
0.625008064334234
0.557892390795165
0.486462657178369
0.411271214021767
0.332899500342026
0.251953547493554
0.169059292860334
0.0848577396187603
5.91458985689335e-17
0.37860820450728
0.45270037258988
0.523291907509554
0.589836940335933
0.651820892856044
0.708764456695299
0.760227299704533
0.80581147095239
0.845164477993012
0.87798201261318
0.904010303981294
0.923048081001826
0.934948128700763
0.939618426606866
0.937022860325891
0.92718150080531
0.910170449130064
0.886121248049474
0.855219864785887
0.817705252990729
0.773867504968084
0.724045608454231
0.66862482529947
0.608033712322338
0.542740807373273
0.473251006233699
0.400101658367151
0.323858411713179
0.245110838655298
0.164467876986444
0.0825531211259462
5.75395780113925e-17
0.365157240134473
0.4366171062719
0.50470070763408
0.568881568593397
0.62866339256186
0.683583899744276
0.733218401847001
0.777183086099807
0.815137983196259
0.846789596202146
0.871893170103207
0.890254584442233
0.901731854410187
0.906236228783737
0.903732876219097
0.894241154595201
0.877834461323453
0.854639665781567
0.824836128260361
0.788654313009781
0.746374006109164
0.698322151942559
0.644870325009172
0.586431856618875
0.523458638691411
0.45643762937482
0.385887087504374
0.312352565020139
0.236402688332903
0.158624761260268
0.0796202235344262
5.54953465218377e-17
0.348927208676273
0.417210920138574
0.482268430626891
0.543596664613783
0.600721384252945
0.653200856556954
0.700629269222037
0.742639868686027
0.778907796153611
0.809152599658475
0.833140402737143
0.850685712944619
0.861652856226968
0.865957026059167
0.863564939235445
0.854495093241049
0.838817623215231
0.816653759611522
0.788174890749102
0.753601237504335
0.713200150390807
0.667284042196161
0.616207972162205
0.560366900389306
0.50019263369614
0.436150486551822
0.368735682900694
0.298469526703661
0.22589537080845
0.151574415320652
0.0760813679658038
5.30287619362453e-17
0.330041630472037
0.394629506984152
0.456165799660992
0.514174661783817
0.568207523484376
0.617846560437774
0.662707924806774
0.702444713453333
0.736749650464848
0.765357463251705
0.788046933842321
0.804642609513419
0.815016159527643
0.819087367487139
0.816824751629445
0.808245808269089
0.793416876502412
0.772452625221812
0.745515166406232
0.712812801544613
0.67459841088595
0.631167497971528
0.582855904570538
0.53003721368899
0.47311986073387
0.412543975171301
0.348777977101448
0.28231495506814
0.213668853112789
0.143370496557311
0.0719634872477756
5.01585964526762e-17
0.308644236175324
0.369044724997769
0.426591471519231
0.480839479310528
0.531369260369008
0.577790078927709
0.619742972929746
0.656903529803545
0.688984395074445
0.715737494414119
0.73695595194521
0.75247568996733
0.762176697734101
0.765983959470059
0.763868034451275
0.75584528466404
0.741977748281202
0.722372659934516
0.697181621492645
0.666599429756998
0.630862570140594
0.590247387977978
0.545067951607072
0.49567362374728
0.442446359953834
0.385797755038864
0.326165860298559
0.26401179615812
0.19981618642816
0.134075441745696
0.0672979209390502
4.69066937635137e-17
0.284897872876832
0.340651289818856
0.393770524696237
0.443844818060869
0.4904869563327
0.533336266037815
0.572061402817684
0.606362913642757
0.635975552417374
0.660670331069926
0.680256290267626
0.694581976063346
0.703536611055929
0.707050951007652
0.705097820294801
0.697692322050835
0.684891721377158
0.666795002524581
0.643542103469726
0.615312833805193
0.582325484311234
0.544835138960798
0.503131702410848
0.457537658232937
0.408405575218133
0.356115381039527
0.301071424354467
0.243699348064656
0.1844427979125
0.123759991865431
0.062120176816383
4.32978028117747e-17
0.258983264739708
0.309665292633549
0.35795274641516
0.403472229744939
0.445871750394579
0.484823442126132
0.520026100010061
0.551207509577209
0.578126551793868
0.600575067582638
0.618379467471127
0.631402073921456
0.639542185960602
0.64273685787904
0.640961385976179
0.634229499588682
0.622593254924505
0.606142632523603
0.585004841458056
0.559343335652083
0.529356549928524
0.495276365555674
0.45736631716005
0.415919554870649
0.371256577452992
0.323722753962133
0.273685653079141
0.22153220078273
0.16766568833512
0.112502653718744
0.0564696606389548
3.93593894367099e-17
0.231097637579544
0.276322555590285
0.319410731596087
0.360028974137457
0.397863191211231
0.432620819075471
0.464033084581017
0.491857083535584
0.515877659028855
0.535909065193905
0.551796403539442
0.563416820746028
0.570680458663984
0.573531149166842
0.571946848487212
0.565939807676417
0.555556477869792
0.540877151090193
0.52201533936731
0.49911689697392
0.472358892566634
0.441948239952626
0.408120098070331
0.371136052556702
0.331282092962584
0.288866401257945
0.244216968727968
0.197679059688047
0.149612541630198
0.100389102446298
0.0503893762467508
3.51214273421827e-17
0.201453217856831
0.240876837050857
0.278437808244094
0.31384568064535
0.346826652906403
0.377125690368052
0.404508497187474
0.428763328096826
0.449702625783186
0.467164471228306
0.481013835793043
0.491143625364345
0.49747550849065
0.499960522101908
0.498579450130307
0.493342972103935
0.484291580564316
0.471495267946433
0.455052985342498
0.435091877334763
0.411766298814214
0.385256621387895
0.355767838604643
0.323527980784723
0.288786351711134
0.251811600817881
0.212889645782537
0.172321461587259
0.130420753144949
0.0875115294876384
0.0439255982753718
3.06161699786839e-17
0.170275617505449
0.203597900336062
0.235345805046019
0.265273832018329
0.293150554353298
0.318760407442215
0.341905355881426
0.362406424836876
0.380105084017437
0.39486447355504
0.406570462312165
0.415132530433009
0.420484469313779
0.422584893579362
0.421417561107409
0.416991498625111
0.409340931907494
0.398525021116974
0.384627403330725
0.367755545793431
0.348039914896529
0.325632967310094
0.30070797106868
0.273457665727436
0.244092771949196
0.212840362047592
0.179942104086418
0.145652393113248
0.110236383978062
0.0739679409486715
0.0371275199781158
2.58779050750983e-17
0.137802116889621
0.164769460663936
0.19046267816586
0.214683089352929
0.237243403072419
0.257969165342946
0.276700108369021
0.293291389856934
0.307614713048589
0.319559318812331
0.329032842119132
0.335962026281203
0.340293289429964
0.341993138852941
0.341048429985601
0.337466468055398
0.331274951592044
0.322521758240827
0.311274574535229
0.29762037249174
0.281664737074235
0.263531049728501
0.243359534300447
0.22130617271571
0.197541498805478
0.172249279605595
0.145625094326188
0.117874821980326
0.089213049366554
0.0598614117160211
0.0300468788356168
2.0942693688385e-17
0.10427985895707
0.124687025905637
0.14413001530035
0.16245847874836
0.179530686242677
0.195214622129376
0.209389005955835
0.221944230305999
0.2327832083706
0.241822124698268
0.248991083322112
0.254234648249979
0.257512272138882
0.258798609838747
0.258083714380932
0.255373113895959
0.250687768865693
0.244063910040505
0.235552758274793
0.225220128447293
0.213145920528988
0.199423501734077
0.184158984531683
0.167470406101297
0.149486815577033
0.130347276138842
0.1101997896673
0.08920015227737
0.0675107495810544
0.0452993009949033
0.0227375628023773
1.58480957571588e-17
0.0699639683319556
0.083655647592111
0.0967004359903222
0.108997461025405
0.120451632487035
0.13097437776759
0.140484326774787
0.148907941148844
0.156180082918567
0.162244518199061
0.167054352036084
0.170572391034496
0.172771430966662
0.173634467136807
0.173154825874616
0.171336216141271
0.168192700848862
0.163748588114958
0.158038243293242
0.15110582323373
0.14300493482749
0.133798220476253
0.123556873692398
0.112360088575057
0.100294447419439
0.087453251194835
0.0739357980685915
0.0598466155550588
0.0452946522271378
0.0303924352407485
0.0152552001868959
1.06328842478789e-17
0.0351156096624358
0.0419875992877482
0.0485349079730881
0.0547069068095797
0.0604558690774836
0.0657373393065019
0.0705104770402266
0.0747383726464736
0.0783883327314115
0.0814321329504401
0.0838462362608856
0.0856119749288141
0.0867156948825432
0.0871488612965977
0.0869081245896519
0.0859953463261113
0.0844175848210407
0.082187040559755
0.0793209618541294
0.0758415114651686
0.0717755952232141
0.0671546539710307
0.0620144204386333
0.0563946429298852
0.0503387779575407
0.0438936542035185
0.0371091104029257
0.0300376099519992
0.022733835220114
0.0152542647029574
0.00765673628665057
5.3367500691615e-18
